247
0.0   0.0
0.0346153846154   0.00606996602617
0.0692307692308   0.00761991379259
0.103846153846   0.00955984041223
0.138461538462   0.0120097325603
0.173076923077   0.0150826669494
0.207692307692   0.0189310296713
0.242307692308   0.0237672171942
0.276923076923   0.0298386434486
0.311538461538   0.0374443060594
0.346153846154   0.0470092904729
0.380769230769   0.0590250969747
0.415384615385   0.074101885376
0.45   0.0930342882374
0.484615384615   0.116791998344
0.519230769231   0.146634763562
0.553846153846   0.184098511996
0.588461538462   0.23114649935
0.623076923077   0.290175295865
0.657692307692   0.364311453189
0.692307692308   0.457386640878
0.726923076923   0.574232557748
0.761538461538   0.720940184583
0.796153846154   0.905111087983
0.830769230769   1.13633406972
0.865384615385   1.42663154181
0.9   1.79110362337
0.934615384615   2.24867564743
0.969230769231   2.8231282772
1.00384615385   3.54438736831
1.03846153846   4.44985183677
1.11683076923   10.3784383096
1.16467384615   34.0892351594
1.20053538462   51.0243984014
1.20073846154   67.9901951849
1.21278461538   88.3388635041
1.22483076923   101.897512398
1.23695076923   118.860860492
1.23708   135.823829401
1.23729230769   152.78682976
1.23750461538   173.150431647
1.24955076923   190.104074549
1.26159692308   203.667225062
1.27370769231   220.621130078
1.28568923077   234.184496693
1.30956923077   240.957495201
1.33318153846   223.941514134
1.34495076923   210.345924804
1.36835076923   193.339308993
1.36855384615   172.991284353
1.38004615385   152.613353565
1.39181538462   139.032361342
1.40352   125.455545767
1.41528   111.878599654
1.42704923077   98.3015678366
1.46264307692   88.097078207
1.49822769231   77.8938567622
1.52196923077   74.4832413446
1.55762769231   71.063386699
1.58129538462   57.475762947
1.61688923077   50.6628321798
1.64070461538   50.6430198325
1.68833538462   57.3908087429
1.72419692308   70.934160665
1.74815076923   84.487504383
1.78393846154   94.6390536754
1.81966153846   101.400635375
1.85538461538   104.766786024
1.87912615385   97.9644549241
1.91472   87.7580588139
1.95030461538   77.5506010314
1.98588   67.3420830961
2.02147384615   60.5261764119
2.05712307692   53.7105812657
2.09277230769   50.2875774779
2.12843076923   46.8633998607
2.16415384615   50.2283538743
2.21178461538   53.5847229598
2.25934153846   53.546489103
2.30698153846   53.5093780747
2.35453846154   53.4712393387
2.40216923077   60.2249636916
2.4498   63.5839657654
2.49743076923   70.3402913134
2.53321846154   73.7096406885
2.55696923077   73.6922709647
2.61643384615   73.6478306768
2.62661538462   75.6037939227
2.65375384615   74.6243025957
2.68076307692   76.6234762828
2.69427692308   77.6230005712
2.70742153846   87.5607466161
2.71951384615   290.165931645
2.71987384615   281.228124615
2.72431384615   171.984965847
2.72511692308   152.122439522
2.72577230769   136.232247642
2.72700923077   272.291852707
2.72713846154   102.46681277
2.72765538462   256.401601159
2.72843076923   237.532156315
2.72964   207.738942231
2.73060923077   183.904232161
2.73793846154   336.846117369
2.73858461538   320.956034874
2.73883384615   314.997640483
2.73907384615   309.039248954
2.74491692308   331.881771552
2.74520307692   324.929374037
2.74617230769   301.095002128
2.74648615385   293.150569608
2.76495692308   338.835965125
2.77192615385   333.870771451
2.77212923077   328.905670548
2.78576307692   326.921687592
2.78592   322.949673296
2.78616923077   316.990651362
2.79301846154   315.005803439
2.79346153846   304.082863219
2.79370153846   298.12390923
2.79402461538   290.179989135
2.79427384615   284.222042524
2.79995076923   311.034997983
2.81467384615   282.239378358
2.82834461538   279.263423382
2.82853846154   274.298696932
2.82878769231   268.341043983
2.82902769231   262.382380438
2.82930461538   255.431779617
2.82955384615   249.474132031
2.82974769231   244.50943829
2.82986769231   241.530613289
2.83692923077   234.580907276
2.84382461538   231.614244318
2.871   229.686417582
2.87793230769   225.728668688
2.87818153846   219.769926841
2.87837538462   214.804278795
2.87862461538   208.844499961
2.87869846154   206.858217914
2.90588307692   204.926276353
2.92615384615   205.92089815
2.93256923077   214.859982393
2.93918769231   218.832117181
2.93950153846   210.884644835
2.95260923077   221.809494366
2.97289846154   222.797866662
2.98598769231   233.720913087
2.98616307692   229.747305603
2.98635692308   224.781558711
2.99938153846   237.690199371
3.00603692308   240.667780648
3.01942153846   244.635467456
3.04635692308   248.618532151
3.06663692308   249.627929654
3.08696307692   249.643390585
3.09357230769   253.6219218
3.10022769231   256.606490316
3.12050769231   257.615091679
3.14078769231   258.62473929
3.16788   258.645865742
3.18146769231   257.663859675
3.21542769231   255.70426876
3.22908923077   252.737833417
3.24279692308   248.778838525
3.24291692308   245.799393271
3.27005538462   244.832125784
3.29040923077   243.859063139
3.30376615385   248.838759128
3.30392307692   244.865742656
3.33763384615   248.871610413
3.34392   260.798178757
3.34407692308   256.824907
3.35065846154   261.798408096
3.37694769231   262.565407205
3.37710461538   258.631163372
3.37730769231   253.719247466
3.37751076923   248.80897965
3.37767692308   244.898045311
3.38992615385   255.532209779
3.39009230769   251.844775071
3.39029538462   247.255495376
3.40254461538   255.833603223
3.40274769231   252.056042807
3.40291384615   249.034122594
3.40311692308   245.244337575
3.40332   241.447805307
3.40912615385   267.009145439
3.42944307692   289.208264521
3.46331076923   323.517278262
3.47686153846   323.495585948
3.48331384615   331.432672184
3.48343384615   328.452213629
3.49601538462   352.271820774
3.49625538462   346.311345553
3.49653230769   339.35750491
3.49666153846   336.377282848
3.51637846154   351.242044527
3.52334769231   346.273312057
3.53028923077   342.309591417
3.55080923077   337.357164254
3.55770461538   334.377598269
3.55787076923   330.404831703
3.57827076923   328.41781559
3.59870769231   325.438814658
3.61217538462   327.424324463
3.61887692308   329.410626078
3.64584923077   332.390174791
3.65254153846   334.376728277
3.66600923077   336.364495644
3.67959692308   335.373235634
3.69991384615   335.37484787
3.70007076923   331.403008565
3.71382461538   326.440128013
3.72749538462   323.462285417
3.74785846154   322.465790463
3.77499692308   321.466994397
3.79547076923   317.49222965
3.81579692308   317.488723835
3.84971076923   316.510804509
3.88349538462   318.516655524
3.88357846154   316.531298799
3.92413846154   318.542521018
3.94442769231   319.547317672
3.95772923077   325.512198178
3.96445846154   326.509248141
3.99146769231   328.512124204
4.01865230769   326.545971788
4.02566769231   320.597647644
4.03264615385   315.641879081
4.03284923077   310.678301617
4.03312615385   303.728286937
4.03998461538   301.750440418
4.05372923077   296.80185955
4.05396923077   290.844335309
4.05408923077   287.866060585
4.06098461538   284.895194671
4.07477538462   278.953230905
4.07497846154   273.988263392
4.07513538462   270.017084716
4.07546769231   262.074735218
4.07557846154   259.096346631
4.08151384615   279.952368386
4.08924923077   256.126799448
4.10300307692   251.159077052
4.12344923077   248.174672692
4.137   248.171362876
