9.905000000000000471e-01
3.030499999999999972e+00
5.079500000000000348e+00
7.136499999999999844e+00
9.187500000000000000e+00
1.123550000000000004e+01
1.329250000000000043e+01
1.534950000000000081e+01
1.738749999999999929e+01
1.891250000000000142e+01
1.996950000000000003e+01
2.100750000000000028e+01
2.206149999999999878e+01
2.310549999999999926e+01
2.417549999999999955e+01
2.525250000000000128e+01
2.628150000000000119e+01
2.732649999999999935e+01
2.837750000000000128e+01
2.942650000000000077e+01
3.046849999999999881e+01
3.153350000000000009e+01
3.308250000000000313e+01
3.513349999999999795e+01
3.718149999999999977e+01
3.923149999999999693e+01
4.128349999999999653e+01
4.333149999999999835e+01
4.538349999999999795e+01
4.744149999999999778e+01
4.948449999999999704e+01
5.154749999999999943e+01
